8.297841548919677734e-01
8.140053153038024902e-01
7.949831485748291016e-01
7.751593589782714844e-01
7.561181783676147461e-01
7.311399579048156738e-01
7.029777765274047852e-01
6.723983883857727051e-01
6.407752037048339844e-01
5.960883498191833496e-01
5.597394704818725586e-01
5.329497456550598145e-01
5.108591914176940918e-01
4.953407943248748779e-01
4.784209132194519043e-01
4.833474457263946533e-01
4.633474457263946533e-01
4.753474457263946533e-01
4.53474457263946533e-01
4.673474457263946533e-01
nan
nan
nan
nan
nan
nan
nan
nan
nan
nan
nan
nan
nan
nan
nan
nan
nan
nan
nan
nan
