5.024069547653198242e-01
5.415593981742858887e-01
5.660606026649475098e-01
5.677741169929504395e-01
5.496171116828918457e-01
5.394408106803894043e-01
5.383422970771789551e-01
5.380567312240600586e-01
5.397792458534240723e-01
5.743293762207031250e-01
6.043847203254699707e-01
6.233157515525817871e-01
6.536847949028015137e-01
6.386777758598327637e-01
6.431211233139038086e-01
6.156272292137145996e-01
6.656272292137145996e-01
6.556272292137145996e-01
6.856272292137145996e-01
6.976272292137145996e-01
nan
nan
nan
nan
nan
nan
nan
nan
nan
nan
nan
nan
nan
nan
nan
nan
nan
nan
nan
nan
