8.841853920515575505e-01
8.823410311493018465e-01
8.842946294307194588e-01
8.899902792696025022e-01
8.974880236305050607e-01
9.033815252416755870e-01
9.090565520945218525e-01
9.151728786251343006e-01
9.195241138560686922e-01
9.235303974221270584e-01
9.262236305048333618e-01
9.283220193340495641e-01
9.292697099892588408e-01
9.300733082706763577e-01
9.315299677765840327e-01
9.303676691729322323e-01
9.323676691729322323e-01
9.343676691729322323e-01
9.340676691729322323e-01
9.353676691729322323e-01
nan
nan
nan
nan
nan
nan
nan
nan
nan
nan
nan
nan
nan
nan
nan
nan
nan
nan
nan
nan
