1.101240366697311401e-01
1.211826801300048828e-01
1.361320316791534424e-01
1.540898233652114868e-01
1.745878905057907104e-01
2.023089975118637085e-01
2.344694435596466064e-01
2.718707025051116943e-01
3.126817643642425537e-01
3.612642884254455566e-01
3.996241390705108643e-01
4.293225407600402832e-01
4.471591114997863770e-01
4.771726429462432861e-01
5.005893111228942871e-01
5.079982876777648926e-01
5.179982876777648926e-01
5.379982876777648926e-01
5.459982876777648926e-01
5.499982876777648926e-01
nan
nan
nan
nan
nan
nan
nan
nan
nan
nan
nan
nan
nan
nan
nan
nan
nan
nan
nan
nan
