1.702129840850830078e-01
1.859916448593139648e-01
2.050135582685470581e-01
2.248371988534927368e-01
2.438778579235076904e-01
2.688555419445037842e-01
2.970173358917236328e-01
3.275964558124542236e-01
3.592191636562347412e-01
4.039060473442077637e-01
4.402549564838409424e-01
4.670447409152984619e-01
4.891355335712432861e-01
5.046535730361938477e-01
5.215734839439392090e-01
5.166466236114501953e-01
5.366466236114501953e-01
5.466466236114501953e-01
5.386466236114501953e-01
5.566466236114501953e-01
nan
nan
nan
nan
nan
nan
nan
nan
nan
nan
nan
nan
nan
nan
nan
nan
nan
nan
nan
nan
