2.947284507751464844e+01
2.828966903686523438e+01
2.657693672180175781e+01
2.467756652832031250e+01
2.283665275573730469e+01
2.116535568237304688e+01
1.975344848632812500e+01
1.842766571044921875e+01
1.725883865356445312e+01
1.606352806091308594e+01
1.517788028717041016e+01
1.450550556182861328e+01
1.406691741943359375e+01
1.360595035552978516e+01
1.328540134429931641e+01
1.330747318267822266e+01
1.310747318267822266e+01
1.300747318267822266e+01
1.315747318267822266e+01
1.300747318267822266e+01
nan
nan
nan
nan
nan
nan
nan
nan
nan
nan
nan
nan
nan
nan
nan
nan
nan
nan
nan
nan
