6.787199974060058594e-01
6.336503624916076660e-01
5.648055076599121094e-01
4.874368011951446533e-01
4.125049412250518799e-01
3.522873520851135254e-01
3.083993792533874512e-01
2.711939811706542969e-01
2.431325614452362061e-01
2.264665365219116211e-01
2.171290814876556396e-01
2.101147919893264771e-01
2.100346684455871582e-01
2.025645077228546143e-01
2.024470418691635132e-01
1.974512785673141479e-01
1.964512785673141479e-01
1.984512785673141479e-01
1.974512785673141479e-01
1.970512785673141479e-01
nan
nan
nan
nan
nan
nan
nan
nan
nan
nan
nan
nan
nan
nan
nan
nan
nan
nan
nan
nan
